Event	Waveform	TotalEnergy(J)	Duration	MeanPower	MaxPower
 1	1	16185.468687	131.130000	123.444111	3576.840768
 1	2	115009195.638515	131.130000	877062.424270	1028834196.777728
 1	3	80105154.601811	131.130000	610883.523993	716133680.639237
 1	4	635526.684927	131.130000	4846.541713	634245.755346
 1	5	818414.700987	131.130000	6241.250765	806568.957670
 1	6	49655.552970	131.130000	378.674418	41937.388000
 1	7	17451.906284	131.130000	133.093880	17118.778121
 1	8	19441.291509	131.130000	148.259754	17812.420122
 1	9	24805.495796	131.130000	189.167559	16735.561140
 1	10	279651.278575	131.130000	2132.626731	543811.758052
 1	11	133219.218608	131.130000	1015.932453	118421.442609
 1	12	68018.033922	131.130000	518.707173	110023.961975
 2	1	117302538.956175	129.230000	907703.622419	261366292.198889
 2	2	323935927.628759	129.230000	2506661.979995	683801354.763769
 2	3	297084769.212767	129.230000	2298883.923884	628759217.650631
 2	4	16970141.498827	129.230000	131317.369515	13302951.442887
 2	5	35147475.527999	129.230000	271976.197261	22836026.683544
 2	6	8567798.816101	129.230000	66298.841355	5084476.604288
 2	7	494546379.104559	129.230000	3826869.764581	1380042735.171318
 2	8	512863190.288072	129.230000	3968607.833995	1409630484.133960
 2	9	517550360.162608	129.230000	4004877.819779	1285880703.152847
 2	10	5657507.427722	129.230000	43778.592418	3428713.980601
 2	11	3360426.621194	129.230000	26003.463797	3302761.545531
 2	12	5828951.464226	129.230000	45105.250183	2813027.426711
 3	1	46219.079296	131.350000	351.886616	262478.199173
 3	2	116914254.821421	131.350000	890097.117425	1044614067.512637
 3	3	74686297.628634	131.350000	568605.236136	668510898.675499
 3	4	422839.880907	131.350000	3219.185395	304862.755438
 3	5	676732.746593	131.350000	5152.134071	824653.236555
 3	6	47612.160713	131.350000	362.484787	57528.862485
 3	7	34404443.417323	131.350000	261929.534157	307522319.357979
 3	8	25412185.561741	131.350000	193469.247044	226928539.783413
 3	9	292153501.395908	131.350000	2224236.783447	2610272973.145495
 3	10	43652.305380	131.350000	332.336410	34174.536336
 3	11	54310.476287	131.350000	413.479385	63576.881650
 3	12	29301.884679	131.350000	223.082850	91031.118145
 4	1	no_picked_arrival
 4	2	no_picked_arrival
 4	3	no_picked_arrival
 4	4	387266.924227	121.510000	3187.126092	101212.494792
 4	5	426365.564852	121.510000	3508.898406	80133.250064
 4	6	51927.665630	121.510000	427.356728	78684.889849
 4	7	no_picked_arrival
 4	8	no_picked_arrival
 4	9	no_picked_arrival
 4	10	74107.191996	121.510000	609.885591	14337.018127
 4	11	77443.413968	121.510000	637.343054	43514.304749
 4	12	28093.656939	121.510000	231.204535	142240.187668
 5	1	no_picked_arrival
 5	2	no_picked_arrival
 5	3	no_picked_arrival
 5	4	55879.482587	120.750000	462.770299	22778.415480
 5	5	79081.642282	120.750000	654.921664	53345.776450
 5	6	39964.805357	120.750000	330.985599	54445.438549
 5	7	no_picked_arrival
 5	8	no_picked_arrival
 5	9	no_picked_arrival
 5	10	21545.187989	120.750000	178.429885	6732.614380
 5	11	25630.338986	120.750000	212.259974	49751.768669
 5	12	43801.312431	120.750000	362.743794	129466.888504
 6	1	no_picked_arrival
 6	2	no_picked_arrival
 6	3	no_picked_arrival
 6	4	12563.195075	120.750000	104.043365	30029.504268
 6	5	20670.964169	120.750000	171.192097	56952.895784
 6	6	19860.466208	120.750000	164.477141	87942.736889
 6	7	no_picked_arrival
 6	8	no_picked_arrival
 6	9	no_picked_arrival
 6	10	7122.961534	120.750000	58.989718	9974.889598
 6	11	12493.418719	120.750000	103.465559	62245.950806
 6	12	no_picked_arrival
 7	1	no_picked_arrival
 7	2	no_picked_arrival
 7	3	no_picked_arrival
 7	4	8284.242672	120.540000	68.726140	1602.398685
 7	5	14789.281720	120.540000	122.692015	2826.411882
 7	6	8360.579368	120.540000	69.359438	1082.375580
 7	7	no_picked_arrival
 7	8	no_picked_arrival
 7	9	no_picked_arrival
 7	10	5236.375972	120.540000	43.441899	914.278133
 7	11	5099.665099	120.540000	42.308451	848.645140
 7	12	6785.920205	120.540000	56.296068	710.922417
 8	1	no_picked_arrival
 8	2	no_picked_arrival
 8	3	no_picked_arrival
 8	4	64915.593720	120.950000	536.714815	43615.769217
 8	5	143090.238563	120.950000	1183.053945	96370.943117
 8	6	20021.288519	120.950000	165.533614	98348.030159
 8	7	no_picked_arrival
 8	8	no_picked_arrival
 8	9	no_picked_arrival
 8	10	16111.739784	120.950000	133.210171	10373.561609
 8	11	21873.258912	120.950000	180.846425	60045.145222
 8	12	25538.722616	120.950000	211.151934	126378.036114
 9	1	no_picked_arrival
 9	2	no_picked_arrival
 9	3	no_picked_arrival
 9	4	7049.808806	121.310000	58.115242	5035.827597
 9	5	22628.414880	121.310000	186.534576	11979.900044
 9	6	3160.173668	121.310000	26.050413	676.855795
 9	7	no_picked_arrival
 9	8	no_picked_arrival
 9	9	no_picked_arrival
 9	10	3234.672953	121.310000	26.664703	488.270003
 9	11	2668.777109	121.310000	21.999749	862.838229
 9	12	3252.120312	121.310000	26.808420	372.205893
 10	1	no_picked_arrival
 10	2	no_picked_arrival
 10	3	no_picked_arrival
 10	4	12781.504706	121.040000	105.600362	23238.041452
 10	5	22397.687604	121.040000	185.043806	80694.519138
 10	6	14866.351784	121.040000	122.822325	110380.427409
 10	7	no_picked_arrival
 10	8	no_picked_arrival
 10	9	no_picked_arrival
 10	10	2589.040822	121.040000	21.394503	1417.216731
 10	11	5423.762911	121.040000	44.810005	29796.400653
 10	12	21343.459238	121.040000	176.335323	167544.735691